0
1
2
1
4
5
4
1
8
9
10
9
4
5
4
9
16
17
18
17
20
21
20
17
16
17
18
17
20
21
20
17
32
33
34
33
36
37
36
33
40
41
42
41
36
37
36
41
16
17
18
17
20
21
20
17
16
17
18
17
20
21
20
17
64
65
66
65
68
69
68
65
72
73
74
73
68
69
68
73
80
81
82
81
84
85
84
81
80
81
82
81
84
85
84
81
64
65
66
65
68
69
68
65
72
73
74
73
68
69
68
73
64
65
66
65
68
69
68
65
72
73
74
73
68
69
68
73
128
1
130
1
132
5
132
129
136
9
138
9
132
5
132
137
144
17
146
17
148
21
148
145
144
17
146
17
148
21
148
145
160
33
162
33
164
37
164
161
168
41
170
41
164
37
164
169
144
17
146
17
148
21
148
145
144
17
146
17
148
21
148
145
64
128
66
130
68
132
68
65
72
136
74
138
68
132
68
73
80
144
82
146
84
148
84
81
80
144
82
146
84
148
84
81
64
160
66
162
68
164
68
65
72
168
74
170
68
164
68
73
192
144
194
146
196
148
196
193
200
144
202
146
196
148
196
201